10 1170007830 0 2237033253 0
20 1129409300 0 2214451701 0
30 2167637923 0 3976962133 0
40 2578683122 0 4124227338 0
50 2703303912 0 4012810399 0
60 2721526437 0 4101484588 0
70 2782403847 0 4085859147 0
80 2970758394 0 4233798959 0
90 2953479338 0 4126527520 0
100 2928060420 0 4216955879 0
200 3052532370 0 4218671272 0
300 3030335396 0 4278071806 0
400 3189339349 0 4185090123 0
500 3096076845 0 4253633506 0
600 3156692466 0 4329791254 0
700 3061299967 0 4079907599 0
800 3029839984 0 4079211333 0
900 3075465075 0 4089429158 0
1000 3075465075 0 4048977945 0
2000 2962379577 0 4182395595 0
3000 3167356549 0 4208839993 0
4000 3019800630 0 4213864599 0
5000 3147442734 0 4522032949 0
6000 3181964756 0 4465150585 0
7000 2977923511 0 4284431642 0
8000 3037176177 0 4291153568 0
9000 3198801448 0 4723674106 0
10000 3164287506 0 4740844458 0
